851
170
579
395
230
692
882
857
398
394
33
696
940
482
858
502
967
376
342
152
834
103
676
87
580
116
796
717
825
86
336
223
952
711
303
630
841
508
162
775
777
255
632
76
685
298
891
621
273
686
71
876
113
905
337
550
157
40
249
458
89
578
183
800
554
483
571
314
251
207
234
538
541
880
218
642
949
348
212
155
739
757
21
9
473
447
705
389
568
330
2
449
136
966
650
290
658
615
609
894
513
873
283
916
296
308
20
683
73
288
624
117
276
511
34
204
565
427
837
62
102
514
798
647
124
854
338
403
154
214
539
687
815
635
94
203
3
173
311
652
911
38
441
776
187
738
184
444
973
370
178
922
229
849
688
85
515
35
926
731
611
128
761
799
191
252
701
358
766
266
708
434
97
90
380
496
607
846
318
12
454
468
751
786
812
177
823
22
584
146
510
704
920
985
393
575
960
399
883
665
195
843
486
540
674
365
724
166
747
78
352
994
679
107
832
208
581
307
709
505
0
902
360
957
209
238
431
748
965
49
343
520
521
870
277
928
706
698
767
948
723
740
375
610
785
943
877
383
494
618
301
315
758
469
572
66
820
762
322
274
88
119
623
716
677
413
601
335
972
461
542
808
56
416
36
410
92
901
397
806
235
193
278
246
156
855
83
992
47
285
181
932
91
859
782
161
13
569
59
37
918
759
939
871
697
327
138
606
653
900
935
211
245
123
452
667
778
105
574
589
282
970
824
5
889
577
524
271
499
44
614
174
529
374
10
941
72
946
996
250
100
405
350
847
24
324
673
299
148
366
16
414
906
651
401
921
475
467
460
256
897
357
498
644
55
206
180
334
304
147
384
981
639
602
512
648
703
52
481
425
306
988
626
140
917
850
976
827
289
804
169
175
899
792
225
519
830
660
217
125
354
885
58
487
896
694
450
54
672
420
459
286
769
583
545
364
426
74
980
448
93
557
627
682
620
596
422
958
158
29
133
819
662
968
641
199
429
556
472
378
480
292
417
369
106
649
752
865
587
818
361
964
68
488
517
768
18
817
522
821
654
346
25
381
127
176
332
141
754
406
341
537
887
293
239
291
732
153
463
712
300
680
733
167
221
975
528
474
771
562
506
224
636
244
500
552
319
909
779
729
151
535
913
215
934
874
793
222
863
594
390
839
476
98
516
323
982
371
997
345
730
797
284
503
576
548
316
26
433
744
263
210
7
200
862
172
616
396
878
4
19
842
61
182
956
567
432
991
983
784
631
419
669
728
46
904
629
925
595
326
628
159
811
780
213
597
999
791
864
530
359
695
257
205
743
637
788
99
95
143
852
803
755
435
240
675
423
715
809
763
120
241
231
633
261
691
112
831
309
741
912
439
42
563
265
884
243
132
907
344
131
720
593
260
436
979
962
80
67
726
373
82
477
253
466
114
279
525
281
455
79
845
700
893
722
914
321
202
353
39
765
445
605
478
663
196
826
931
810
415
753
924
790
903
15
110
993
264
813
139
977
735
536
77
787
908
551
305
684
895
421
104
509
142
270
362
794
586
910
280
756
795
770
829
408
339
600
933
451
955
923
990
325
746
783
772
144
484
17
302
53
385
875
50
96
518
501
164
573
659
690
919
31
645
48
135
559
890
681
617
718
640
194
745
317
566
561
63
773
950
129
464
479
70
392
591
491
543
668
275
227
710
347
963
869
27
789
145
272
424
848
989
497
41
379
391
349
237
363
313
560
465
297
879
411
693
442
440
351
43
549
490
937
428
622
978
664
861
134
844
368
657
236
881
268
267
312
736
984
670
197
30
355
802
126
269
190
493
995
418
115
163
14
462
226
331
219
192
760
750
927
774
118
828
835
888
320
242
75
856
407
201
936
666
198
719
130
356
742
534
45
725
764
898
737
412
805
974
386
232
333
457
929
853
430
533
971
702
262
547
377
471
721
588
833
544
866
340
532
801
216
555
507
959
60
953
564
961
954
382
655
228
188
619
122
599
1
656
65
437
64
860
171
604
942
868
678
294
295
671
558
84
111
101
998
504
947
32
446
646
